Linux 6.12.0-203.76.7.1.el10uek.x86_64 (localhost.localdomain) 	08/04/2026 	_x86_64_	(2 CPU)

avg-cpu:  %user   %nice %system %iowait  %steal   %idle
           3.54    0.03    5.40    0.09    0.00   90.94

Device            r/s     rkB/s   rrqm/s  %rrqm r_await rareq-sz     w/s     wkB/s   wrqm/s  %wrqm w_await wareq-sz     d/s     dkB/s   drqm/s  %drqm d_await dareq-sz     f/s f_await  aqu-sz  %util
dm-0            11.77    573.51     0.00   0.00    0.38    48.71    1.95     95.88     0.00   0.00    1.26    49.08    0.00      0.00     0.00   0.00    0.00     0.00    0.00    0.00    0.01   0.52
dm-1             0.02      0.36     0.00   0.00    0.21    22.28    0.00      0.00     0.00   0.00    0.00     0.00    0.00      0.00     0.00   0.00    0.00     0.00    0.00    0.00    0.00   0.00
dm-2             0.18      2.66     0.00   0.00    0.57    15.12    3.40     14.85     0.00   0.00    1.22     4.36    0.00      0.00     0.00   0.00    0.00     0.00    0.00    0.00    0.00   0.17
sda             12.05    586.09     0.02   0.14    0.32    48.63    4.80    111.08     0.61  11.25    1.24    23.15    0.00      0.00     0.00   0.00    0.00     0.00    2.66    0.81    0.01   0.54
sr0              0.01      0.04     0.00   0.00    0.19     3.59    0.00      0.00     0.00   0.00    0.00     0.00    0.00      0.00     0.00   0.00    0.00     0.00    0.00    0.00    0.00   0.00


avg-cpu:  %user   %nice %system %iowait  %steal   %idle
          10.87    1.09   86.96    0.00    0.00    1.09

Device            r/s     rkB/s   rrqm/s  %rrqm r_await rareq-sz     w/s     wkB/s   wrqm/s  %wrqm w_await wareq-sz     d/s     dkB/s   drqm/s  %drqm d_await dareq-sz     f/s f_await  aqu-sz  %util
dm-0             0.00      0.00     0.00   0.00    0.00     0.00    0.00      0.00     0.00   0.00    0.00     0.00    0.00      0.00     0.00   0.00    0.00     0.00    0.00    0.00    0.00   0.00
dm-1             0.00      0.00     0.00   0.00    0.00     0.00    0.00      0.00     0.00   0.00    0.00     0.00    0.00      0.00     0.00   0.00    0.00     0.00    0.00    0.00    0.00   0.00
dm-2             0.00      0.00     0.00   0.00    0.00     0.00 1325.74 181637.13     0.00   0.00    1.36   137.01    0.00      0.00     0.00   0.00    0.00     0.00    0.00    0.00    1.80  80.30
sda              0.00      0.00     0.00   0.00    0.00     0.00 1442.57 198112.38    10.89   0.75    1.40   137.33    0.00      0.00     0.00   0.00    0.00     0.00  950.50    0.69    2.68  72.57
sr0              0.00      0.00     0.00   0.00    0.00     0.00    0.00      0.00     0.00   0.00    0.00     0.00    0.00      0.00     0.00   0.00    0.00     0.00    0.00    0.00    0.00   0.00


avg-cpu:  %user   %nice %system %iowait  %steal   %idle
           3.39    1.13   94.92    0.56    0.00    0.00

Device            r/s     rkB/s   rrqm/s  %rrqm r_await rareq-sz     w/s     wkB/s   wrqm/s  %wrqm w_await wareq-sz     d/s     dkB/s   drqm/s  %drqm d_await dareq-sz     f/s f_await  aqu-sz  %util
dm-0             0.00      0.00     0.00   0.00    0.00     0.00    6.00     66.50     0.00   0.00    4.17    11.08    0.00      0.00     0.00   0.00    0.00     0.00    0.00    0.00    0.03   2.50
dm-1             0.00      0.00     0.00   0.00    0.00     0.00 20084.00  80336.00     0.00   0.00    5.18     4.00    0.00      0.00     0.00   0.00    0.00     0.00    0.00    0.00  104.10  28.80
dm-2             1.00      4.00     0.00   0.00    4.00     4.00  771.00 849327.50     0.00   0.00    7.63  1101.59    0.00      0.00     0.00   0.00    0.00     0.00    0.00    0.00    5.89  99.10
sda              1.00      4.00     0.00   0.00    3.00     4.00 1498.00 915346.00 19963.00  93.02    8.81   611.05    0.00      0.00     0.00   0.00    0.00     0.00  265.00    2.51   13.86  81.10
sr0              0.00      0.00     0.00   0.00    0.00     0.00    0.00      0.00     0.00   0.00    0.00     0.00    0.00      0.00     0.00   0.00    0.00     0.00    0.00    0.00    0.00   0.00


avg-cpu:  %user   %nice %system %iowait  %steal   %idle
           6.63    1.66   91.71    0.00    0.00    0.00

Device            r/s     rkB/s   rrqm/s  %rrqm r_await rareq-sz     w/s     wkB/s   wrqm/s  %wrqm w_await wareq-sz     d/s     dkB/s   drqm/s  %drqm d_await dareq-sz     f/s f_await  aqu-sz  %util
dm-0             0.00      0.00     0.00   0.00    0.00     0.00    0.00      0.00     0.00   0.00    0.00     0.00    0.00      0.00     0.00   0.00    0.00     0.00    0.00    0.00    0.00   0.00
dm-1             0.00      0.00     0.00   0.00    0.00     0.00    0.00      0.00     0.00   0.00    0.00     0.00    0.00      0.00     0.00   0.00    0.00     0.00    0.00    0.00    0.00   0.00
dm-2             0.00      0.00     0.00   0.00    0.00     0.00 1458.42 312820.79     0.00   0.00    2.48   214.49    0.00      0.00     0.00   0.00    0.00     0.00    0.00    0.00    3.61  88.02
sda              0.00      0.00     0.00   0.00    0.00     0.00 1544.55 310587.13   105.94   6.42    2.34   201.09    0.00      0.00     0.00   0.00    0.00     0.00  877.23    0.81    4.33  78.22
sr0              0.00      0.00     0.00   0.00    0.00     0.00    0.00      0.00     0.00   0.00    0.00     0.00    0.00      0.00     0.00   0.00    0.00     0.00    0.00    0.00    0.00   0.00


avg-cpu:  %user   %nice %system %iowait  %steal   %idle
           1.76    1.18   56.47   40.00    0.00    0.59

Device            r/s     rkB/s   rrqm/s  %rrqm r_await rareq-sz     w/s     wkB/s   wrqm/s  %wrqm w_await wareq-sz     d/s     dkB/s   drqm/s  %drqm d_await dareq-sz     f/s f_await  aqu-sz  %util
dm-0             0.00      0.00     0.00   0.00    0.00     0.00    0.00      0.00     0.00   0.00    0.00     0.00    0.00      0.00     0.00   0.00    0.00     0.00    0.00    0.00    0.00   0.00
dm-1             0.00      0.00     0.00   0.00    0.00     0.00 1969.00   7876.00     0.00   0.00   98.34     4.00    0.00      0.00     0.00   0.00    0.00     0.00    0.00    0.00  193.62  25.20
dm-2             0.00      0.00     0.00   0.00    0.00     0.00  402.00 428731.50     0.00   0.00   13.24  1066.50    0.00      0.00     0.00   0.00    0.00     0.00    0.00    0.00    5.32  99.00
sda              0.00      0.00     0.00   0.00    0.00     0.00  682.00 471192.50  2014.00  74.70   13.03   690.90    0.00      0.00     0.00   0.00    0.00     0.00  148.00    5.66    9.72  85.90
sr0              0.00      0.00     0.00   0.00    0.00     0.00    0.00      0.00     0.00   0.00    0.00     0.00    0.00      0.00     0.00   0.00    0.00     0.00    0.00    0.00    0.00   0.00


avg-cpu:  %user   %nice %system %iowait  %steal   %idle
           0.53    0.00    6.84   92.11    0.00    0.53

Device            r/s     rkB/s   rrqm/s  %rrqm r_await rareq-sz     w/s     wkB/s   wrqm/s  %wrqm w_await wareq-sz     d/s     dkB/s   drqm/s  %drqm d_await dareq-sz     f/s f_await  aqu-sz  %util
dm-0             0.00      0.00     0.00   0.00    0.00     0.00    0.00      0.00     0.00   0.00    0.00     0.00    0.00      0.00     0.00   0.00    0.00     0.00    0.00    0.00    0.00   0.00
dm-1             0.00      0.00     0.00   0.00    0.00     0.00    0.00      0.00     0.00   0.00    0.00     0.00    0.00      0.00     0.00   0.00    0.00     0.00    0.00    0.00    0.00   0.00
dm-2             0.00      0.00     0.00   0.00    0.00     0.00   46.00  66380.50     0.00   0.00  131.17  1443.05    0.00      0.00     0.00   0.00    0.00     0.00    0.00    0.00    6.03 100.20
sda              0.00      0.00     0.00   0.00    0.00     0.00  100.00  84275.50    10.00   9.09   91.78   842.75    0.00      0.00     0.00   0.00    0.00     0.00   11.00   61.82    9.86  98.20
sr0              0.00      0.00     0.00   0.00    0.00     0.00    0.00      0.00     0.00   0.00    0.00     0.00    0.00      0.00     0.00   0.00    0.00     0.00    0.00    0.00    0.00   0.00


avg-cpu:  %user   %nice %system %iowait  %steal   %idle
           0.54    0.54   18.38   80.54    0.00    0.00

Device            r/s     rkB/s   rrqm/s  %rrqm r_await rareq-sz     w/s     wkB/s   wrqm/s  %wrqm w_await wareq-sz     d/s     dkB/s   drqm/s  %drqm d_await dareq-sz     f/s f_await  aqu-sz  %util
dm-0             0.00      0.00     0.00   0.00    0.00     0.00    1.00      4.00     0.00   0.00   27.00     4.00    0.00      0.00     0.00   0.00    0.00     0.00    0.00    0.00    0.03   2.70
dm-1             0.00      0.00     0.00   0.00    0.00     0.00    0.00      0.00     0.00   0.00    0.00     0.00    0.00      0.00     0.00   0.00    0.00     0.00    0.00    0.00    0.00   0.00
dm-2             0.00      0.00     0.00   0.00    0.00     0.00   82.00 164025.50     0.00   0.00  123.27  2000.31    0.00      0.00     0.00   0.00    0.00     0.00    0.00    0.00   10.11 100.00
sda              0.00      0.00     0.00   0.00    0.00     0.00  159.00 124373.50    14.00   8.09   62.43   782.22    0.00      0.00     0.00   0.00    0.00     0.00   20.00   40.95   10.74  97.20
sr0              0.00      0.00     0.00   0.00    0.00     0.00    0.00      0.00     0.00   0.00    0.00     0.00    0.00      0.00     0.00   0.00    0.00     0.00    0.00    0.00    0.00   0.00


avg-cpu:  %user   %nice %system %iowait  %steal   %idle
           0.00    0.00   12.04   63.35    0.00   24.61

Device            r/s     rkB/s   rrqm/s  %rrqm r_await rareq-sz     w/s     wkB/s   wrqm/s  %wrqm w_await wareq-sz     d/s     dkB/s   drqm/s  %drqm d_await dareq-sz     f/s f_await  aqu-sz  %util
dm-0             0.00      0.00     0.00   0.00    0.00     0.00    0.00      0.00     0.00   0.00    0.00     0.00    0.00      0.00     0.00   0.00    0.00     0.00    0.00    0.00    0.00   0.00
dm-1             0.00      0.00     0.00   0.00    0.00     0.00    0.00      0.00     0.00   0.00    0.00     0.00    0.00      0.00     0.00   0.00    0.00     0.00    0.00    0.00    0.00   0.00
dm-2             0.00      0.00     0.00   0.00    0.00     0.00   61.00 123281.50     0.00   0.00   98.56  2021.01    0.00      0.00     0.00   0.00    0.00     0.00    0.00    0.00    6.01 100.10
sda              0.00      0.00     0.00   0.00    0.00     0.00  133.00 121473.50    17.00  11.33   81.36   913.33    0.00      0.00     0.00   0.00    0.00     0.00   19.00   29.37   11.38  97.10
sr0              0.00      0.00     0.00   0.00    0.00     0.00    0.00      0.00     0.00   0.00    0.00     0.00    0.00      0.00     0.00   0.00    0.00     0.00    0.00    0.00    0.00   0.00


avg-cpu:  %user   %nice %system %iowait  %steal   %idle
           3.66    1.83   79.27    8.54    0.00    6.71

Device            r/s     rkB/s   rrqm/s  %rrqm r_await rareq-sz     w/s     wkB/s   wrqm/s  %wrqm w_await wareq-sz     d/s     dkB/s   drqm/s  %drqm d_await dareq-sz     f/s f_await  aqu-sz  %util
dm-0             0.00      0.00     0.00   0.00    0.00     0.00    0.00      0.00     0.00   0.00    0.00     0.00    0.00      0.00     0.00   0.00    0.00     0.00    0.00    0.00    0.00   0.00
dm-1             0.00      0.00     0.00   0.00    0.00     0.00    0.00      0.00     0.00   0.00    0.00     0.00    0.00      0.00     0.00   0.00    0.00     0.00    0.00    0.00    0.00   0.00
dm-2             0.00      0.00     0.00   0.00    0.00     0.00 1012.00  56467.50     0.00   0.00    4.29    55.80    0.00      0.00     0.00   0.00    0.00     0.00    0.00    0.00    4.34  94.90
sda              0.00      0.00     0.00   0.00    0.00     0.00  984.00  54955.50    60.00   5.75    3.48    55.85    0.00      0.00     0.00   0.00    0.00     0.00  629.00    1.44    4.33  88.70
sr0              0.00      0.00     0.00   0.00    0.00     0.00    0.00      0.00     0.00   0.00    0.00     0.00    0.00      0.00     0.00   0.00    0.00     0.00    0.00    0.00    0.00   0.00


avg-cpu:  %user   %nice %system %iowait  %steal   %idle
           0.00    0.56   27.37   65.92    0.00    6.15

Device            r/s     rkB/s   rrqm/s  %rrqm r_await rareq-sz     w/s     wkB/s   wrqm/s  %wrqm w_await wareq-sz     d/s     dkB/s   drqm/s  %drqm d_await dareq-sz     f/s f_await  aqu-sz  %util
dm-0             0.00      0.00     0.00   0.00    0.00     0.00    0.00      0.00     0.00   0.00    0.00     0.00    0.00      0.00     0.00   0.00    0.00     0.00    0.00    0.00    0.00   0.00
dm-1             0.00      0.00     0.00   0.00    0.00     0.00    0.00      0.00     0.00   0.00    0.00     0.00    0.00      0.00     0.00   0.00    0.00     0.00    0.00    0.00    0.00   0.00
dm-2             0.00      0.00     0.00   0.00    0.00     0.00  170.00 136590.50     0.00   0.00   61.98   803.47    0.00      0.00     0.00   0.00    0.00     0.00    0.00    0.00   10.54 100.00
sda              0.00      0.00     0.00   0.00    0.00     0.00  195.00 130926.50    45.00  18.75   48.11   671.42    0.00      0.00     0.00   0.00    0.00     0.00   30.00   23.73   10.10  95.10
sr0              0.00      0.00     0.00   0.00    0.00     0.00    0.00      0.00     0.00   0.00    0.00     0.00    0.00      0.00     0.00   0.00    0.00     0.00    0.00    0.00    0.00   0.00


avg-cpu:  %user   %nice %system %iowait  %steal   %idle
           2.25    0.56   78.65   16.85    0.00    1.69

Device            r/s     rkB/s   rrqm/s  %rrqm r_await rareq-sz     w/s     wkB/s   wrqm/s  %wrqm w_await wareq-sz     d/s     dkB/s   drqm/s  %drqm d_await dareq-sz     f/s f_await  aqu-sz  %util
dm-0             0.00      0.00     0.00   0.00    0.00     0.00    0.00      0.00     0.00   0.00    0.00     0.00    0.00      0.00     0.00   0.00    0.00     0.00    0.00    0.00    0.00   0.00
dm-1             0.00      0.00     0.00   0.00    0.00     0.00    0.00      0.00     0.00   0.00    0.00     0.00    0.00      0.00     0.00   0.00    0.00     0.00    0.00    0.00    0.00   0.00
dm-2             0.00      0.00     0.00   0.00    0.00     0.00  712.87 570502.48     0.00   0.00    7.12   800.29    0.00      0.00     0.00   0.00    0.00     0.00    0.00    0.00    5.07  95.25
sda              0.00      0.00     0.00   0.00    0.00     0.00 1049.50 599650.99    75.25   6.69    4.89   571.37    0.00      0.00     0.00   0.00    0.00     0.00  352.48    2.16    5.89  84.16
sr0              0.00      0.00     0.00   0.00    0.00     0.00    0.00      0.00     0.00   0.00    0.00     0.00    0.00      0.00     0.00   0.00    0.00     0.00    0.00    0.00    0.00   0.00


avg-cpu:  %user   %nice %system %iowait  %steal   %idle
           4.40    2.20   93.41    0.00    0.00    0.00

Device            r/s     rkB/s   rrqm/s  %rrqm r_await rareq-sz     w/s     wkB/s   wrqm/s  %wrqm w_await wareq-sz     d/s     dkB/s   drqm/s  %drqm d_await dareq-sz     f/s f_await  aqu-sz  %util
dm-0             0.00      0.00     0.00   0.00    0.00     0.00    0.00      0.00     0.00   0.00    0.00     0.00    0.00      0.00     0.00   0.00    0.00     0.00    0.00    0.00    0.00   0.00
dm-1             0.00      0.00     0.00   0.00    0.00     0.00 6670.00  26680.00     0.00   0.00    7.83     4.00    0.00      0.00     0.00   0.00    0.00     0.00    0.00    0.00   52.25  12.60
dm-2             0.00      0.00     0.00   0.00    0.00     0.00 1720.00 475690.00     0.00   0.00    3.69   276.56    0.00      0.00     0.00   0.00    0.00     0.00    0.00    0.00    6.35  93.70
sda              0.00      0.00     0.00   0.00    0.00     0.00 1755.00 475490.00  6937.00  79.81    5.20   270.93    0.00      0.00     0.00   0.00    0.00     0.00  785.00    0.93    9.86  84.00
sr0              0.00      0.00     0.00   0.00    0.00     0.00    0.00      0.00     0.00   0.00    0.00     0.00    0.00      0.00     0.00   0.00    0.00     0.00    0.00    0.00    0.00   0.00


avg-cpu:  %user   %nice %system %iowait  %steal   %idle
           3.41    1.14   95.45    0.00    0.00    0.00

Device            r/s     rkB/s   rrqm/s  %rrqm r_await rareq-sz     w/s     wkB/s   wrqm/s  %wrqm w_await wareq-sz     d/s     dkB/s   drqm/s  %drqm d_await dareq-sz     f/s f_await  aqu-sz  %util
dm-0             0.00      0.00     0.00   0.00    0.00     0.00    0.00      0.00     0.00   0.00    0.00     0.00    0.00      0.00     0.00   0.00    0.00     0.00    0.00    0.00    0.00   0.00
dm-1             0.00      0.00     0.00   0.00    0.00     0.00    0.00      0.00     0.00   0.00    0.00     0.00    0.00      0.00     0.00   0.00    0.00     0.00    0.00    0.00    0.00   0.00
dm-2             0.00      0.00     0.00   0.00    0.00     0.00  789.00 916435.00     0.00   0.00    5.88  1161.51    0.00      0.00     0.00   0.00    0.00     0.00    0.00    0.00    4.64  94.80
sda              0.00      0.00     0.00   0.00    0.00     0.00 1336.00 910035.00    79.00   5.58    5.04   681.16    0.00      0.00     0.00   0.00    0.00     0.00  349.00    1.93    7.41  83.00
sr0              0.00      0.00     0.00   0.00    0.00     0.00    0.00      0.00     0.00   0.00    0.00     0.00    0.00      0.00     0.00   0.00    0.00     0.00    0.00    0.00    0.00   0.00


avg-cpu:  %user   %nice %system %iowait  %steal   %idle
           4.97    2.21   92.82    0.00    0.00    0.00

Device            r/s     rkB/s   rrqm/s  %rrqm r_await rareq-sz     w/s     wkB/s   wrqm/s  %wrqm w_await wareq-sz     d/s     dkB/s   drqm/s  %drqm d_await dareq-sz     f/s f_await  aqu-sz  %util
dm-0             0.00      0.00     0.00   0.00    0.00     0.00    0.00      0.00     0.00   0.00    0.00     0.00    0.00      0.00     0.00   0.00    0.00     0.00    0.00    0.00    0.00   0.00
dm-1             0.00      0.00     0.00   0.00    0.00     0.00    0.00      0.00     0.00   0.00    0.00     0.00    0.00      0.00     0.00   0.00    0.00     0.00    0.00    0.00    0.00   0.00
dm-2             0.00      0.00     0.00   0.00    0.00     0.00 1357.00 458994.50     0.00   0.00    2.49   338.24    0.00      0.00     0.00   0.00    0.00     0.00    0.00    0.00    3.38  92.50
sda              0.00      0.00     0.00   0.00    0.00     0.00 1600.00 464114.50    66.00   3.96    2.23   290.07    0.00      0.00     0.00   0.00    0.00     0.00  822.00    0.93    4.33  81.40
sr0              0.00      0.00     0.00   0.00    0.00     0.00    0.00      0.00     0.00   0.00    0.00     0.00    0.00      0.00     0.00   0.00    0.00     0.00    0.00    0.00    0.00   0.00


avg-cpu:  %user   %nice %system %iowait  %steal   %idle
           2.75    1.65   92.86    2.20    0.00    0.55

Device            r/s     rkB/s   rrqm/s  %rrqm r_await rareq-sz     w/s     wkB/s   wrqm/s  %wrqm w_await wareq-sz     d/s     dkB/s   drqm/s  %drqm d_await dareq-sz     f/s f_await  aqu-sz  %util
dm-0             0.00      0.00     0.00   0.00    0.00     0.00    0.00      0.00     0.00   0.00    0.00     0.00    0.00      0.00     0.00   0.00    0.00     0.00    0.00    0.00    0.00   0.00
dm-1             0.00      0.00     0.00   0.00    0.00     0.00    0.00      0.00     0.00   0.00    0.00     0.00    0.00      0.00     0.00   0.00    0.00     0.00    0.00    0.00    0.00   0.00
dm-2             0.00      0.00     0.00   0.00    0.00     0.00 1408.00 620146.50     0.00   0.00    3.10   440.44    0.00      0.00     0.00   0.00    0.00     0.00    0.00    0.00    4.36  94.10
sda              0.00      0.00     0.00   0.00    0.00     0.00 1629.00 615026.50   185.00  10.20    3.23   377.55    0.00      0.00     0.00   0.00    0.00     0.00  688.00    1.05    5.98  84.50
sr0              0.00      0.00     0.00   0.00    0.00     0.00    0.00      0.00     0.00   0.00    0.00     0.00    0.00      0.00     0.00   0.00    0.00     0.00    0.00    0.00    0.00   0.00


avg-cpu:  %user   %nice %system %iowait  %steal   %idle
           2.78    2.22   95.00    0.00    0.00    0.00

Device            r/s     rkB/s   rrqm/s  %rrqm r_await rareq-sz     w/s     wkB/s   wrqm/s  %wrqm w_await wareq-sz     d/s     dkB/s   drqm/s  %drqm d_await dareq-sz     f/s f_await  aqu-sz  %util
dm-0             0.00      0.00     0.00   0.00    0.00     0.00    0.00      0.00     0.00   0.00    0.00     0.00    0.00      0.00     0.00   0.00    0.00     0.00    0.00    0.00    0.00   0.00
dm-1             0.00      0.00     0.00   0.00    0.00     0.00    0.00      0.00     0.00   0.00    0.00     0.00    0.00      0.00     0.00   0.00    0.00     0.00    0.00    0.00    0.00   0.00
dm-2             0.00      0.00     0.00   0.00    0.00     0.00 1003.00 797513.00     0.00   0.00    4.13   795.13    0.00      0.00     0.00   0.00    0.00     0.00    0.00    0.00    4.14  94.90
sda              0.00      0.00     0.00   0.00    0.00     0.00 1470.00 797513.00    72.00   4.67    3.98   542.53    0.00      0.00     0.00   0.00    0.00     0.00  526.00    1.35    6.57  82.80
sr0              0.00      0.00     0.00   0.00    0.00     0.00    0.00      0.00     0.00   0.00    0.00     0.00    0.00      0.00     0.00   0.00    0.00     0.00    0.00    0.00    0.00   0.00


avg-cpu:  %user   %nice %system %iowait  %steal   %idle
           3.37    2.25   90.45    1.69    0.00    2.25

Device            r/s     rkB/s   rrqm/s  %rrqm r_await rareq-sz     w/s     wkB/s   wrqm/s  %wrqm w_await wareq-sz     d/s     dkB/s   drqm/s  %drqm d_await dareq-sz     f/s f_await  aqu-sz  %util
dm-0             0.00      0.00     0.00   0.00    0.00     0.00    0.00      0.00     0.00   0.00    0.00     0.00    0.00      0.00     0.00   0.00    0.00     0.00    0.00    0.00    0.00   0.00
dm-1             0.00      0.00     0.00   0.00    0.00     0.00    0.00      0.00     0.00   0.00    0.00     0.00    0.00      0.00     0.00   0.00    0.00     0.00    0.00    0.00    0.00   0.00
dm-2             0.00      0.00     0.00   0.00    0.00     0.00 1401.00 277514.00     0.00   0.00    2.06   198.08    0.00      0.00     0.00   0.00    0.00     0.00    0.00    0.00    2.88  84.70
sda              0.00      0.00     0.00   0.00    0.00     0.00 1424.00 277514.00   150.00   9.53    2.52   194.88    0.00      0.00     0.00   0.00    0.00     0.00  833.00    0.84    4.29  77.60
sr0              0.00      0.00     0.00   0.00    0.00     0.00    0.00      0.00     0.00   0.00    0.00     0.00    0.00      0.00     0.00   0.00    0.00     0.00    0.00    0.00    0.00   0.00


avg-cpu:  %user   %nice %system %iowait  %steal   %idle
           2.94    1.18   95.88    0.00    0.00    0.00

Device            r/s     rkB/s   rrqm/s  %rrqm r_await rareq-sz     w/s     wkB/s   wrqm/s  %wrqm w_await wareq-sz     d/s     dkB/s   drqm/s  %drqm d_await dareq-sz     f/s f_await  aqu-sz  %util
dm-0             0.00      0.00     0.00   0.00    0.00     0.00    0.00      0.00     0.00   0.00    0.00     0.00    0.00      0.00     0.00   0.00    0.00     0.00    0.00    0.00    0.00   0.00
dm-1             0.00      0.00     0.00   0.00    0.00     0.00 3614.85  14459.41     0.00   0.00    4.44     4.00    0.00      0.00     0.00   0.00    0.00     0.00    0.00    0.00   16.04  10.89
dm-2             0.99      3.96     0.00   0.00    5.00     4.00 1239.60 827044.55     0.00   0.00    3.88   667.18    0.00      0.00     0.00   0.00    0.00     0.00    0.00    0.00    4.81  91.49
sda              0.99      3.96     0.00   0.00    5.00     4.00 1370.30 846573.27  4073.27  74.83    5.05   617.80    0.00      0.00     0.00   0.00    0.00     0.00  319.80    1.77    7.49  76.73
sr0              0.00      0.00     0.00   0.00    0.00     0.00    0.00      0.00     0.00   0.00    0.00     0.00    0.00      0.00     0.00   0.00    0.00     0.00    0.00    0.00    0.00   0.00


avg-cpu:  %user   %nice %system %iowait  %steal   %idle
           3.98    1.14   93.75    0.57    0.00    0.57

Device            r/s     rkB/s   rrqm/s  %rrqm r_await rareq-sz     w/s     wkB/s   wrqm/s  %wrqm w_await wareq-sz     d/s     dkB/s   drqm/s  %drqm d_await dareq-sz     f/s f_await  aqu-sz  %util
dm-0             0.00      0.00     0.00   0.00    0.00     0.00    0.00      0.00     0.00   0.00    0.00     0.00    0.00      0.00     0.00   0.00    0.00     0.00    0.00    0.00    0.00   0.00
dm-1             0.00      0.00     0.00   0.00    0.00     0.00    0.00      0.00     0.00   0.00    0.00     0.00    0.00      0.00     0.00   0.00    0.00     0.00    0.00    0.00    0.00   0.00
dm-2             0.00      0.00     0.00   0.00    0.00     0.00 1394.95 249568.69     0.00   0.00    1.74   178.91    0.00      0.00     0.00   0.00    0.00     0.00    0.00    0.00    2.43  79.49
sda              0.00      0.00     0.00   0.00    0.00     0.00 1481.82 244396.97    74.75   4.80    2.18   164.93    0.00      0.00     0.00   0.00    0.00     0.00  880.81    0.77    3.91  70.91
sr0              0.00      0.00     0.00   0.00    0.00     0.00    0.00      0.00     0.00   0.00    0.00     0.00    0.00      0.00     0.00   0.00    0.00     0.00    0.00    0.00    0.00   0.00


avg-cpu:  %user   %nice %system %iowait  %steal   %idle
           2.89    0.58   96.53    0.00    0.00    0.00

Device            r/s     rkB/s   rrqm/s  %rrqm r_await rareq-sz     w/s     wkB/s   wrqm/s  %wrqm w_await wareq-sz     d/s     dkB/s   drqm/s  %drqm d_await dareq-sz     f/s f_await  aqu-sz  %util
dm-0             0.00      0.00     0.00   0.00    0.00     0.00    0.00      0.00     0.00   0.00    0.00     0.00    0.00      0.00     0.00   0.00    0.00     0.00    0.00    0.00    0.00   0.00
dm-1             0.00      0.00     0.00   0.00    0.00     0.00 6882.00  27528.00     0.00   0.00    4.88     4.00    0.00      0.00     0.00   0.00    0.00     0.00    0.00    0.00   33.59  12.20
dm-2             0.00      0.00     0.00   0.00    0.00     0.00 2266.00 742379.50     0.00   0.00    4.63   327.62    0.00      0.00     0.00   0.00    0.00     0.00    0.00    0.00   10.49  92.20
sda              0.00      0.00     0.00   0.00    0.00     0.00 1625.00 769907.50  8056.00  83.21    4.34   473.79    0.00      0.00     0.00   0.00    0.00     0.00  416.00    1.46    7.66  74.00
sr0              0.00      0.00     0.00   0.00    0.00     0.00    0.00      0.00     0.00   0.00    0.00     0.00    0.00      0.00     0.00   0.00    0.00     0.00    0.00    0.00    0.00   0.00


avg-cpu:  %user   %nice %system %iowait  %steal   %idle
           4.60    1.15   93.10    0.00    0.00    1.15

Device            r/s     rkB/s   rrqm/s  %rrqm r_await rareq-sz     w/s     wkB/s   wrqm/s  %wrqm w_await wareq-sz     d/s     dkB/s   drqm/s  %drqm d_await dareq-sz     f/s f_await  aqu-sz  %util
dm-0            22.00   1188.00     0.00   0.00    0.64    54.00    0.00      0.00     0.00   0.00    0.00     0.00    0.00      0.00     0.00   0.00    0.00     0.00    0.00    0.00    0.01   1.20
dm-1             0.00      0.00     0.00   0.00    0.00     0.00    0.00      0.00     0.00   0.00    0.00     0.00    0.00      0.00     0.00   0.00    0.00     0.00    0.00    0.00    0.00   0.00
dm-2             0.00      0.00     0.00   0.00    0.00     0.00 1559.00 357115.00     0.00   0.00    2.41   229.07    0.00      0.00     0.00   0.00    0.00     0.00    0.00    0.00    3.76  90.10
sda             22.00   1188.00     0.00   0.00    0.45    54.00 1676.00 357119.50    88.00   4.99    2.42   213.08    0.00      0.00     0.00   0.00    0.00     0.00  828.00    0.85    4.76  80.90
sr0              0.00      0.00     0.00   0.00    0.00     0.00    0.00      0.00     0.00   0.00    0.00     0.00    0.00      0.00     0.00   0.00    0.00     0.00    0.00    0.00    0.00   0.00


avg-cpu:  %user   %nice %system %iowait  %steal   %idle
           2.94    1.18   91.18    4.12    0.00    0.59

Device            r/s     rkB/s   rrqm/s  %rrqm r_await rareq-sz     w/s     wkB/s   wrqm/s  %wrqm w_await wareq-sz     d/s     dkB/s   drqm/s  %drqm d_await dareq-sz     f/s f_await  aqu-sz  %util
dm-0             6.00    276.00     0.00   0.00    2.17    46.00    0.00      0.00     0.00   0.00    0.00     0.00    0.00      0.00     0.00   0.00    0.00     0.00    0.00    0.00    0.01   0.50
dm-1             0.00      0.00     0.00   0.00    0.00     0.00    0.00      0.00     0.00   0.00    0.00     0.00    0.00      0.00     0.00   0.00    0.00     0.00    0.00    0.00    0.00   0.00
dm-2             0.00      0.00     0.00   0.00    0.00     0.00  746.00 645916.00     0.00   0.00    5.12   865.84    0.00      0.00     0.00   0.00    0.00     0.00    0.00    0.00    3.82  94.80
sda              5.00    276.00     1.00  16.67    2.00    55.20 1084.00 653591.50   120.00   9.97    3.95   602.94    0.00      0.00     0.00   0.00    0.00     0.00  349.00    1.98    4.98  79.80
sr0              0.00      0.00     0.00   0.00    0.00     0.00    0.00      0.00     0.00   0.00    0.00     0.00    0.00      0.00     0.00   0.00    0.00     0.00    0.00    0.00    0.00   0.00

