File I/O stress test & result: 

Start time: Mon Aug  3 10:29:18 AM +08 2026

Idle state:
Linux 6.12.0-203.76.7.1.el10uek.x86_64 (localhost.localdomain) 	08/03/2026 	_x86_64_	(2 CPU)

avg-cpu:  %user   %nice %system %iowait  %steal   %idle
           3.76    0.05    5.41    0.07    0.00   90.71

Device            r/s     rkB/s   rrqm/s  %rrqm r_await rareq-sz     w/s     wkB/s   wrqm/s  %wrqm w_await wareq-sz     d/s     dkB/s   drqm/s  %drqm d_await dareq-sz     f/s f_await  aqu-sz  %util
dm-0            11.94    342.12     0.00   0.00    0.45    28.66    2.45     38.83     0.00   0.00    1.33    15.84    0.00      0.00     0.00   0.00    0.00     0.00    0.00    0.00    0.01   0.66
dm-1             0.03      0.64     0.00   0.00    0.21    22.28    0.00      0.00     0.00   0.00    0.00     0.00    0.00      0.00     0.00   0.00    0.00     0.00    0.00    0.00    0.00   0.00
dm-2             0.31      4.74     0.00   0.00    0.57    15.31    1.28     10.18     0.00   0.00    0.95     7.95    0.00      0.00     0.00   0.00    0.00     0.00    0.00    0.00    0.00   0.08
sda             12.43    364.69     0.03   0.24    0.35    29.33    2.88     49.63     0.87  23.28    1.15    17.25    0.00      0.00     0.00   0.00    0.00     0.00    1.29    0.96    0.01   0.53
sr0              0.02      0.07     0.00   0.00    0.19     3.59    0.00      0.00     0.00   0.00    0.00     0.00    0.00      0.00     0.00   0.00    0.00     0.00    0.00    0.00    0.00   0.00


avg-cpu:  %user   %nice %system %iowait  %steal   %idle
           3.55    0.00    6.09    0.00    0.00   90.36

Device            r/s     rkB/s   rrqm/s  %rrqm r_await rareq-sz     w/s     wkB/s   wrqm/s  %wrqm w_await wareq-sz     d/s     dkB/s   drqm/s  %drqm d_await dareq-sz     f/s f_await  aqu-sz  %util
dm-0             0.00      0.00     0.00   0.00    0.00     0.00    3.00     12.00     0.00   0.00    1.00     4.00    0.00      0.00     0.00   0.00    0.00     0.00    0.00    0.00    0.00   0.10
dm-1             0.00      0.00     0.00   0.00    0.00     0.00    0.00      0.00     0.00   0.00    0.00     0.00    0.00      0.00     0.00   0.00    0.00     0.00    0.00    0.00    0.00   0.00
dm-2             0.00      0.00     0.00   0.00    0.00     0.00    9.00     67.50     0.00   0.00    0.33     7.50    0.00      0.00     0.00   0.00    0.00     0.00    0.00    0.00    0.00   0.30
sda              0.00      0.00     0.00   0.00    0.00     0.00   11.00     79.50     1.00   8.33    0.27     7.23    0.00      0.00     0.00   0.00    0.00     0.00    3.00    1.00    0.01   0.40
sr0              0.00      0.00     0.00   0.00    0.00     0.00    0.00      0.00     0.00   0.00    0.00     0.00    0.00      0.00     0.00   0.00    0.00     0.00    0.00    0.00    0.00   0.00


avg-cpu:  %user   %nice %system %iowait  %steal   %idle
           0.00    0.00    1.46    0.00    0.00   98.54

Device            r/s     rkB/s   rrqm/s  %rrqm r_await rareq-sz     w/s     wkB/s   wrqm/s  %wrqm w_await wareq-sz     d/s     dkB/s   drqm/s  %drqm d_await dareq-sz     f/s f_await  aqu-sz  %util
dm-0             0.00      0.00     0.00   0.00    0.00     0.00    0.00      0.00     0.00   0.00    0.00     0.00    0.00      0.00     0.00   0.00    0.00     0.00    0.00    0.00    0.00   0.00
dm-1             0.00      0.00     0.00   0.00    0.00     0.00    0.00      0.00     0.00   0.00    0.00     0.00    0.00      0.00     0.00   0.00    0.00     0.00    0.00    0.00    0.00   0.00
dm-2             0.00      0.00     0.00   0.00    0.00     0.00    0.00      0.00     0.00   0.00    0.00     0.00    0.00      0.00     0.00   0.00    0.00     0.00    0.00    0.00    0.00   0.00
sda              0.00      0.00     0.00   0.00    0.00     0.00    0.00      0.00     0.00   0.00    0.00     0.00    0.00      0.00     0.00   0.00    0.00     0.00    0.00    0.00    0.00   0.00
sr0              0.00      0.00     0.00   0.00    0.00     0.00    0.00      0.00     0.00   0.00    0.00     0.00    0.00      0.00     0.00   0.00    0.00     0.00    0.00    0.00    0.00   0.00

